workspace:
[-0.311052288885876 1.2987919694121 -0.309439466503138 0.75706857264455]

datapoints:
D:\dev\enclosos\tmp_refdata.txt

polypoints:
[0.803948525320829 -0.137013783763951;0.803948525320829 0.304922832494283;0.729396907684562 0.304922832494283;0.729396907684562 -0.137013783763951]
[0.803948525320829 -0.137013783763951;0.803948525320829 -0.038954899305437;0.216938490959589 -0.038954899305437;0.216938490959589 -0.137013783763951]
[0.291490108595856 -0.137013783763951;0.291490108595856 0.304922832494283;0.216938490959589 0.304922832494283;0.216938490959589 -0.137013783763951]
